-0.056335 -0.120052 -0.115593 0.0585413
0.0096415 -0.426042 -0.103847 0.700954
0.643642 -0.94293 -0.0856301 1.1388
1.28091 -0.860425 -0.0595446 2.12293
1.65425 -0.349284 -0.0350932 2.82094
1.49057 0.265899 -0.0348942 -2.55516
1.12621 0.634586 -0.0691594 -1.92318
0.508551 0.600304 -0.0785526 -1.08331
0.00476046 0.32775 -0.0976528 -0.420916
-0.109483 -0.167209 -0.104869 0.152934
0.0950454 -0.697235 -0.0892551 0.824558
0.844541 -0.91127 -0.0779864 1.62731
1.4934 -0.734471 -0.0388202 2.3653
1.80775 -0.0604223 -0.0245042 -3.09974
1.48058 0.628903 -0.0371722 -2.32077
0.924592 0.889343 -0.0790523 -1.67232
0.258848 0.627114 -0.0861432 -0.776344
-0.0230909 0.187845 -0.100742 -0.214813
-0.10894 -0.0245342 -0.0922125 0.0462125
